% X is the methane conversion
% The rows correspond to the temperatures used in K
%   and the T vector are the temperatures used for these rows
% The columns correspond to the water/CH4 ratios used
%   and the r vector are the ratios used for these columns
function [r, T_liq, X_liq] = LiqDat()

r = [0.05	0.2475	0.445	0.6425	0.84	1.0375	1.235	1.4325	1.63	1.8275	2.025	2.2225	2.42	2.6175	2.815	3.0125	3.21	3.4075	3.605	3.8025	4];
T_liq = [373.15 395.65 418.15 440.65 463.15 485.65];


X_liq = [...
0.520580064	0.626483756	0.723891941	0.814828882	0.84303077	0.835980162	0.828672251	0.814530633	0.796842707	0.783066244	0.761945745	0.751221397	0.731116355	0.714472136	0.697675197	0.671816607	0.653008114	0.642767459	0.623377478	0.604667007	0.583732067;
0.526948098	0.630262325	0.730584301	0.807438754	0.840220016	0.837410114	0.830533698	0.820257771	0.807115529	0.782628607	0.775568404	0.750804703	0.7360571	0.723280376	0.699312897	0.683444278	0.667502399	0.644384608	0.628020447	0.61641539	0.591965288;
0.524001246	0.627462453	0.724042938	0.808830851	0.847447931	0.84423376	0.832055972	0.825811471	0.812427031	0.791420033	0.780727069	0.759216175	0.742527217	0.72587008	0.711047042	0.696043266	0.673702782	0.661441431	0.642538183	0.624401519	0.605771789;
0.521737749	0.622274687	0.723385385	0.810504669	0.844900013	0.846099451	0.838187089	0.827508137	0.813738931	0.798470815	0.784270506	0.772636182	0.751857772	0.736243725	0.721166572	0.706269297	0.684502697	0.674986237	0.651722823	0.640992565	0.61698757;
0.521830117	0.625166914	0.726460664	0.810798026	0.842744902	0.85048615	0.837704715	0.833230725	0.814979583	0.806075429	0.791646733	0.772139705	0.76123266	0.743658478	0.73052826	0.716230678	0.703092386	0.682027007	0.663653307	0.650651714	0.639019259;
0.523008753	0.62327422	0.727567915	0.812740174	0.85311827	0.849770803	0.841146514	0.831610301	0.82157667	0.805812136	0.792834592	0.786037347	0.765982349	0.7577034	0.735185991	0.725053607	0.707808763	0.695214447	0.683393227	0.659785217	0.650475683];

