% X is the methane conversion
% The rows correspond to the temperatures used in K
%   and the T vector are the temperatures used for these rows
% The columns correspond to the steam/CH4 ratios used
%   and the r vector are the ratios used for these columns

function [r, T_vap, X_vap] = VapDat()

r = [0.05	0.2475	0.445	0.6425	0.84	1.0375	1.235	1.4325	1.63	1.8275	2.025	2.2225	2.42	2.6175	2.815	3.0125	3.21	3.4075	3.605	3.8025	4];
T_vap = [508.15 530.65 553.15 575.65 598.15 620.65 643.15 665.65 688.15 710.65 733.15 755.65 778.15 800.65 823.15];

X_vap = [...
0.524990832	0.625279735	0.725852902	0.821554427	0.879705769	0.898370133	0.905978039	0.907480881	0.907523468	0.906445558	0.905029205	0.902304953	0.900375097	0.898444514	0.893473826	0.891605909	0.887641724	0.884830234	0.882031072	0.87706981	0.87388016;
0.524948209	0.625529858	0.725830827	0.821710904	0.880738296	0.899717475	0.907710416	0.90884877	0.909444113	0.909763991	0.908141473	0.905358802	0.902967076	0.901670479	0.89741051	0.896005474	0.891136226	0.88830851	0.885950573	0.883277233	0.879703839;
0.523679232	0.625590225	0.725360719	0.822017641	0.88062438	0.900537999	0.909408285	0.910929627	0.912733041	0.910922727	0.911015453	0.907576907	0.907154263	0.90371813	0.901983553	0.89913014	0.895134676	0.892993126	0.890673155	0.887639155	0.883921888;
0.524623651	0.626273898	0.725780614	0.82260327	0.883142519	0.901786777	0.909730197	0.913962103	0.914841593	0.914085951	0.912748127	0.910448744	0.90920883	0.907703178	0.90449775	0.902884926	0.900784755	0.898109033	0.894534064	0.892445021	0.888438233;
0.524443676	0.62458457	0.726137719	0.82193571	0.88195678	0.903345514	0.912023323	0.914021806	0.915075918	0.915400398	0.914412052	0.914123168	0.911784255	0.910934312	0.907372128	0.905194846	0.904368575	0.902014947	0.898890363	0.897454294	0.894004136;
0.523809865	0.625660961	0.726425976	0.823637459	0.883610551	0.904801623	0.912247201	0.916482512	0.916971332	0.917608887	0.916915047	0.916270137	0.915313767	0.913701613	0.911371233	0.909784938	0.908102929	0.905934869	0.903486325	0.901213386	0.898259135;
0.524992656	0.62507167	0.725359325	0.822585577	0.884026129	0.904889575	0.914622748	0.91701018	0.918955796	0.918968454	0.919513547	0.918116021	0.91685223	0.916979209	0.915205285	0.912537611	0.911305654	0.90952729	0.907719533	0.90626651	0.903863237;
0.524610851	0.6248805	0.72589931	0.82355057	0.885255273	0.90688299	0.915655756	0.918713291	0.92091956	0.921912587	0.922278599	0.920342087	0.919602297	0.918398423	0.918497789	0.917286834	0.914434225	0.913489755	0.911297198	0.910407714	0.908072584;
0.523600076	0.626009422	0.726698032	0.823209252	0.886497729	0.907496426	0.917754555	0.920885883	0.923031384	0.923067147	0.925016859	0.924050603	0.922663117	0.92275926	0.920960056	0.91938805	0.917868979	0.917380926	0.914583855	0.914558122	0.913212535;
0.52394114	0.624322812	0.725760507	0.822292707	0.886623939	0.909162224	0.918977427	0.922722305	0.925202139	0.926672173	0.926036408	0.927143403	0.925483881	0.925264854	0.924612709	0.922884996	0.921052291	0.919960781	0.920121592	0.919030557	0.916458635;
0.52414613	0.625709306	0.726673184	0.82357392	0.887748339	0.909203849	0.919299008	0.924432754	0.927314423	0.92723541	0.928403404	0.928324226	0.929254268	0.927624515	0.927516951	0.926822382	0.925747759	0.924361466	0.923788884	0.922867088	0.921245694;
0.524118529	0.624743064	0.725925864	0.823474576	0.887326859	0.910429164	0.920764295	0.925939041	0.928716141	0.930982978	0.931313953	0.93066094	0.93022996	0.931133969	0.930032839	0.929141776	0.929436153	0.928757417	0.926693807	0.925732779	0.925747207;
0.5249158	0.625413869	0.7263084	0.823218587	0.887861945	0.911373365	0.923130627	0.926757349	0.930903834	0.931798504	0.932833157	0.934226478	0.932956555	0.934306455	0.932384002	0.932722831	0.932081937	0.931861255	0.932109198	0.930038694	0.930081881;
0.524446218	0.625253575	0.726870907	0.823305084	0.88793045	0.913287384	0.922711113	0.92948495	0.932012863	0.934393257	0.935279681	0.936535424	0.935722824	0.935667609	0.936787226	0.936445684	0.935556369	0.934518255	0.935883029	0.934929495	0.934860615;
0.524242565	0.624382648	0.72540119	0.824466761	0.889557314	0.914231329	0.925115526	0.930154787	0.934298469	0.936124276	0.936730486	0.938757643	0.938084309	0.939377523	0.939553494	0.938436556	0.939223233	0.937962701	0.938219914	0.938349706	0.938841495];

